0,273
0,270
57,35
3,2
3,1
3,3
10,108
10,208
10,250
10,296
10,258
10,124
11,4
50,5
50,4
50,3
50,2
50,1
50,0
47,3
47,2
47,1
47,0
46,3
9,6
9,4
46,2
46,1
46,0
45,4
45,3
45,2
45,1
45,0
44,5
44,4
44,3
44,2
8,8
8,14
8,18
8,6
8,2
8,3
44,1
44,0
43,4
43,3
43,2
43,1
43,0
41,5
41,4
41,3
41,2
41,1
41,0
38,6
38,5
38,4
38,3
38,2
38,1
38,0
32,5
32,3
32,1
24,3
24,1
20,2
20,3
20,1
12,3
12,2
12,1
19,2
19,1
19,3
11,27
11,26
11,24
11,23
11,22
11,21
11,20
11,19
11,18
11,17
11,16
11,14
11,13
11,12
11,11
11,10
11,9
11,8
11,7
11,6
11,5
11,3
11,2
11,1
10,306
10,302
10,300
10,299
10,232
10,156
10,134
